0.12,0.38,0.45,0.59,0.62,0.43,0.37,0,0.18,0.24,0
0.38,0.25,0.3,0.45,0.59,0.47,0.61,0.16,0,0,0
0.45,0.3,0.09,0.18,0.21,0.36,0.25,0.19,0,0,0
0.59,0.45,0.18,0.05,0.25,0.35,0.27,0.23,0,0,0.12
0.62,0.59,0.21,0.25,0.1,0.3,0.11,0,0,0,0.15
0.43,0.47,0.36,0.35,0.3,0.14,0.15,0,0,0,0
0.37,0.61,0.25,0.27,0.11,0.15,0.05,0,0,0,0
0,0.16,0.19,0.23,0,0,0,0,0,0,0
0.18,0,0,0,0,0,0,0,0,0,0
0.24,0,0,0,0,0,0,0,0,0,0
0,0,0,0.12,0.15,0,0,0,0,0,0